ABB.BO
 1,348.45
9.90
 6,166

ACC.BO
 1,689.90
-18.85
 13,119

ADLA.BO
 66.95
-0.55
 39,136

ALBK.BO
 72.60
0.80
 124,715

AMARA
 771.05
 -6.75
 16,983

ADBK.BO
 59.55
-0.15
 142,261

APTA.BO
 361.35
-4.00
 113,016

ARVIND.BO
 421.60
 -4.60
 101,162

ASPN.BO
 1,125.05
8.50
 27,681

BAJA.BO
 3,151.40
2.05
 10,205

BATA.BO
 719.35
1.60
 17,093

BAJE.BO
 180.10
-0.20
 664,967

BEML
 1476.30
-23.40
 40,264

BRGR.BO
 245.00
-4.50
 78,785

BRTI.NS
 520.30
2.95
 3,019,435

BHEL.BO
 89.65
0.10
 531,987

BION.BO
 512.85
-2.00
 116,472

BOB.BO
 165.55
1.75
 337,216

BOI.BO
 174.95
0.55
 189,547

BDYN.BO
 228.35
-5.35
 549,441

BPCL.BO
 513.50
8.65
 111,464

BRIT.BO
 4,695.00
-112.00
 4,696

CADI.BO
 409.35
1.40
 645,481

CNBK.BO
 357.00
2.10
 99,802

CNTY.BO
 1,317.90
-7.40
 50,917

CHPC.BO
 418.80
2.60
 18,198

CIPL.BO
 591.00
12.85
 69,579

COLG.BO
 1,061.00
10.50
 5,010

DABU.BO
 345.35
0.65
 18,764

DENA.BO
 24.25
 -0.05
 218,939

DSTV.BO
 79.25
 -0.60
 283,278

EIL
 186.4
5 0.25
 107,316

EXID.BO
 204.25
-0.30
 106,060

GAIL.BO
 486.95
-4.55
 121,049

GATI
 130.80
 -1.60
 170,061

GITANJALI
 69.35
 -2.80
 791,926

GODI.BO
 594.00
9.55
 43,430

GRAS.BO
 1,141.35
25.75
 31,154

AMBUJA
 264.65
 -0.20
 46,648

HCNS.NS
 35.85
0.35
 5,332,820

HCLT.BO
 880.45
13.60
 31,224

HDFC.BO
 1,706.85
9.40
 4,034,102

HROM.NS
 3,460.55
41.10
 314,655

HALC.BO
 237.00
2.55
 159,267

HLL.BO
 1,324.00
7.45
 28,800

HPCL.BO
 437.50
14.10
 311,648

ICBK.BO
 304.55
1.50
 548,382

IDEA.BO
 93.85
1.05
 665,878

IDFC.BO
 57.20
-0.60
 388,576

IDFB.NS
 52.10
-0.25
 4,887,622

IGAS.BO
 319.40
-2.50
 75,052

IHTL.BO
 120.10
-0.35
 57,208

INBK.BO
 1,654.00
11.55
 187,615

INFY.NS
 1,013.10
9.35
 3,011,786

IOBK.BO
 22.55
-0.25
 63,437

IOC.BO
 409.80
7.70
 122,357

IPCA.BO
 553.95
2.70
 7,132

ITC.BO
 263.90
4.85
 512,565

JKBK.BO
 73.65
-0.75
 36,690

JYPE.NS
 14.40
0.00
 567,798

LART.NS
 1,188.80
-0.45
 1,709,762

LTFH.BO
 163.75
0.00
 436,738

MRTI.BO
 9,117.95
7.35
 72,617

MBFL.BO
 706.95
-11.30
 584

NEST.BO
 7,879.35
-32.80
 2,831

NIIT.BO
 93.0
0 0.10
 572,604

NTPC.NS
 177.30
1.25
 7,126,065

OBC
 118.6
5 0.25
 114,865

ONGC.BO
 184.45
0.70
 450,529

PLNG.BO
 248.65
3.45
 126,553

PIDI.BO
 861.00
-13.00
 31,993

PWFC.NS
 116.30
1.05
 6,383,069

PNB
 169.3
0 1.50
 642,580

PTC
 110.80
 -0.85
 103,330

RYMD.BO
 970.90
0.55
 22,511

RLCP.NS
 413.15
-3.10
 2,847,708

RELI.BO
 920.55
6.55
 1,041,124

SAIL.NS
 77.55
-0.90
 10,712,969

SBI.BO
 314.05
0.80
 686,423

SRFL.BO
 1,817.00
8.75
 8,510

SUN.BO
 514.30
-2.50
 239,773

SUZL.BO
 13.31
-0.26
 4,756,937

SBNK.NS
 82.65
-0.65
 2,640,712

TAMO.NS
 402.8
0 0.95
 285,975

TATA POWER
 90.5
0 0.20
 301,904

TEML.NS
 514.25
10.65
 4,105,304

TCS.NS
 2,557.80
-70.60
 2,752,075

TISC.NS
 685.75
4.90
 3,143,882

TVEB.BO
 53.70
0.00
 717,626

TVSM.BO
 748.00
2.75
 223,247

VJBK.BO
 68.65
-0.95
 229,283

VOLT.BO
 613.05
-6.05
 365,759

WIPR.BO
 287.90
0.70
 68,114

YESB.BO
 303.95
2.10
 233,956

ZEE.BO
 569.00
3.05
 265,389

ADEL.BO
 148.30
0.70
 447,971

ADAI.BO
 191.80
-0.15
 25,017

APSE.BO
 395.05
1.35
 129,953

ASOK.BO
 112.40
-1.50
 696,803

BFRG.BO
 691.95
5.20
 29,367

BJFN.BO
 1,690.10
24.20
 44,857

BJFS.BO
 5,103.00
41.95
 13,404

BLUS.BO
 760.00
-34.25
 3,146

CAPF.BO
 665.90
-2.25
 31,151

CDSL
 337.60
 -1.70
 272,235

COCHIN
 541.70
 -3.10
 26,767

DWNH.NS
 586.95
10.70
 2,576,116

DMART
 1103.45
 -4.10
 557,877

EDEL.BO
 278.40
-2.45
 122,324

ENDURANCE
 1229.0
0 5.45
 1,789

EQUITAS
 1229.0
0 5.45
 1,789

FORC.BO
 2,993.25
-133.20
 71,155

GABRIEL
 187.50
-3.55
 91,821

GODR.NS
 701.30
-3.10
 66,427

HVEL.NS
 542.10
6.95
 898,609

HDIL.BO
 53.65
0.95
 1,561,102

JAIR.BO
 110.70
-1.10
 873,275

LICH.BO
 548.00
3.70
 96,633

MMFS.BO
 447.50
-5.35
 37,640

NBCC.BO
 245.55
-0.65
 326,047

NMDC.BO
 128.45
0.05
 127,346

RELDEF
 35.2
0 0.00
 185,140

SIS
 1193.00
-48.85
 3,179

TTCH.BO
 716.40
3.10
 38,940

THRMX
 1159.5
0 8.50
 646

UPLL.BO
 719.80
-6.45
 59,900

VIPI.BO
 338.70
-2.00
 54,911